78
62
26
49
84
6
93
42
92
44
80
85
87
89
70
79
98
59
32
20
19
34
66
75
55
78
52
46
49
93
23
49
24
21
48
70
91
81
7
92
66
2
38
28
58
6
8
51
38
22
98
77
81
76
9
32
8
6
22
96
99
26
88
74
16
93
50
5
44
24
21
8
51
10
32
27
33
6
41
12
30
80
33
27
6
44
99
67
76
30
90
36
10
54
64
90
44
29
64
2
83
53
72
80
97
63
52
42
97
62
11
53
40
35
99
65
51
60
24
46
81
42
71
94
14
52
8
31
18
5
43
66
63
90
88
2
65
62
58
72
20
94
58
71
70
69
63
16
96
13
12
52
90
69
34
49
66
8
85
3
0
62
50
13
61
57
9
85
20
70
8
65
6
19
88
71
26
46
46
20
36
35
15
33
11
75
77
58
86
85
96
12
0
51
33
63
68
47
46
33
88
11
52
7
26
51
19
9
74
85
19
60
79
99
44
49
64
77
55
73
51
57
64
61
73
37
48
83
25
0
52
30
35
70
89
28
65
42
48
66
8
50
58
65
30
87
20
80
21
82
24
9
33
18
28
87
30
31
56
42
35
96
7
5
91
50
12
76
90
18
95
41
42
94
3
23
25
8
23
71
82
34
97
91
3
37
59
88
61
85
28
0
67
3
79
40
18
44
15
17
66
58
80
74
75
52
59
50
27
57
49
48
75
90
44
15
41
47
78
17
49
84
36
96
48
57
4
17
58
87
76
77
77
74
10
25
15
76
21
25
52
84
81
17
24
37
79
20
96
38
49
39
9
75
25
11
79
34
77
67
29
43
7
52
69
25
6
42
41
95
21
40
10
64
4
85
13
68
74
47
92
75
67
29
83
3
46
88
56
1
75
82
2
17
82
60
57
93
0
82
19
9
27
9
78
52
39
68
55
74
56
96
56
62
86
7
34
47
7
44
14
24
30
98
24
40
87
19
51
76
96
15
52
28
36
82
42
22
63
14
52
43
13
10
97
10
24
97
46
44
80
3
57
37
42
43
33
45
85
97
43
67
25
51
40
87
67
83
66
68
79
68
29
60
89
38
22
77
14
31
11
16
46
85
78
85
51
98
0
71
12
68
86
78
69
33
15
7
36
58
30
35
29
88
42
69
64
36
40
42
51
30
24
54
24
5
73
69
16
17
17
79
41
9
96
54
98
93
49
78
44
21
96
40
22
84
64
56
27
19
78
64
1
68
91
27
54
8
69
3
94
82
79
68
11
75
20
44
97
51
25
88
46
32
47
41
82
83
45
59
65
68
5
73
74
79
47
21
57
9
14
4
5
96
4
18
46
8
35
55
13
63
89
75
66
21
45
63
25
61
58
22
58
95
1
83
71
30
16
40
39
37
86
20
80
7
27
90
31
17
84
14
80
62
64
94
65
81
66
74
63
82
64
88
43
43
81
7
28
1
62
83
98
68
38
39
89
4
60
83
4
54
19
97
12
91
86
70
61
27
19
57
59
70
49
97
71
97
53
41
25
81
1
54
54
13
44
4
14
1
15
57
51
2
78
47
22
89
16
41
52
5
59
42
42
62
50
2
90
8
22
21
21
48
73
30
33
61
68
97
12
24
36
81
84
18
90
90
34
30
8
39
46
76
19
28
12
77
52
50
73
97
68
91
85
0
75
14
33
12
69
25
83
75
55
19
65
73
62
80
87
38
75
90
37
0
11
66
81
78
57
90
27
12
66
71
9
99
37
98
90
62
44
31
22
92
4
41
56
13
12
19
51
63
93
81
51
40
2
34
80
59
39
24
28
69
16
81
1
11
84
19
70
42
73
68
70
50
47
13
13
59
80
37
36
54
98
73
71
77
81
22
26
39
69
63
4
51
79
85
80
23
24
9
27
52
66
85
0
41
16
23
38
34
3
95
3
76
42
36
34
34
11
63
87
67
14
53
47
27
7
14
64
55
21
50
68
46
30
60
61
74
35
14
25
12
12
13
27
12
86
38
22
69
0
13
51
17
80
62
54
88
51
46
59
92
56
73
45
10
55
78
12
15
68
30
49
66
96
11
2
82
28
49
65
55
10
36
13
7
53
98
61
63
92
27
34
52
3
51
55
60
85
99
36
26
28
8
2
27
75
21
62
90
53
0
38
23
62
40
63
87
99
14
54
28
61
15
0
57
23
6
5
6
33
47
16
42
65
75
81
44
48
67
88
32
49
8
18
3
51
5
31
19
13
78
31
15
79
28
43
54
53
85
3
2
35
2
1
75
